{
	"asset": {
		"generator": "VISUALIZEGLTF",
		"version" : "2.0"
	},
	"extensionsUsed": [ "KHR_lights_punctual" ],
	"scenes": [
		{
			"name": "Default",
			"nodes": [
				0]
		}
	],
	"nodes": [
		{
			"children": [
				1, 4, 5, 6, 7, 8, 9, 10
			]
			,"name": ""		}
,
		{
			"children": [
				2
			]
			,"name": "kfupm logo"		}
,
		{
			"children": [
				3
			]
			,"name": "Root"		}
,
		{
			"mesh": 0
			,"name": "color"		}
,
		{
			"matrix": [
				0.990734,					-0.130376,					0.03805471,					0,
				0.1350019,					0.9759842,					-0.1709657,					0,
				-0.01485096,					0.174519,					0.9845418,					0,
				-0.07080198,					0.8320196,					4.698804,					1
			]
			,"camera": 0
			,"name": "SOLIDWORKS Viewport"		}
,
		{
			"matrix": [
				0.7071068,					0,					-0.7071068,					0,
				-0.1622216,					0.9733286,					-0.1622216,					0,
				0.6882472,					0.2294159,					0.6882472,					0,
				4.445094,					1.981699,					4.445094,					1
			]
			,"camera": 1
			,"name": "Default Camera"		}
,
		{
			"matrix": [
				0,					0,					-0.9999999,					0,
				-0.7071068,					0.7071068,					0,					0,
				0.7071068,					0.7071068,					0,					0,
				7.071068,					7.071068,					0,					1
			]
			,"extensions" : {
				"KHR_lights_punctual" : {
					"light" : 0
				}
			}
			,"name": "Directional1"		}
,
		{
			"matrix": [
				-0.9019192,					0,					0.4319047,					0,
				0.2645487,					0.790458,					0.5524403,					0,
				-0.3414025,					0.6125164,					-0.7129292,					0,
				-3.414026,					6.125165,					-7.12929,					1
			]
			,"extensions" : {
				"KHR_lights_punctual" : {
					"light" : 1
				}
			}
			,"name": "Directional2"		}
,
		{
			"matrix": [
				-0.1920117,					0,					0.9813927,					0,
				0.3346118,					0.9400793,					0.06546756,					0,
				-0.9225869,					0.3409561,					-0.1805062,					0,
				-9.225868,					3.40956,					-1.805061,					1
			]
			,"extensions" : {
				"KHR_lights_punctual" : {
					"light" : 2
				}
			}
			,"name": "Directional3"		}
,
		{
			"name": "3 Point Faded"		}
,
		{
			"name": "3 Point Faded Backplate"		}
	],
	"cameras": [
		{
			"type": "perspective",
			"perspective" : {
				"aspectRatio": 1.25,
				"yfov" : 0.3215369,
				"zfar" : 100,
				"znear" : 0.01
			}
		}
,
		{
			"type": "perspective",
			"perspective" : {
				"aspectRatio": 1.777778,
				"yfov" : 0.2617994,
				"zfar" : 100,
				"znear" : 0.01
			}
		}
	],
	"extensions": {
		"KHR_lights_punctual" : {
			"lights": [
		{
			"name": "Directional1[1]",
			"color": [
					0.5773503, 0.5773503, 0.5773503
				],
			"intensity": 0.5773503,
			"type": "directional"
		}
,
		{
			"name": "Directional2[1]",
			"color": [
					0.5773503, 0.5773503, 0.5773503
				],
			"intensity": 0.5773503,
			"type": "directional"
		}
,
		{
			"name": "Directional3[1]",
			"color": [
					0.5773503, 0.5773503, 0.5773503
				],
			"intensity": 0.5773503,
			"type": "directional"
		}

			]
		}
	},
	"meshes" : [
		{
			"primitives" : [
				{
					"attributes" : {
					"POSITION" : 1
					,"NORMAL" : 2
					,"TEXCOORD_0" : 3
					},
					"indices" : 0,
					"mode": 4,
					"material" : 0
				}
			]
		}
	],
	"accessors" : [
			{
				"bufferView": 3
				,"byteOffset" : 0
				,"componentType" : 5125
				,"count" : 41484
				,"type" : "SCALAR"
			},
			{
				"bufferView": 0
				,"byteOffset" : 0
				,"componentType" : 5126
				,"count" : 20656
				,"type" : "VEC3"
								,"min": [-0.481577277,-0.481577277,-3.46944695E-18]
								,"max": [0.481577277,0.481577337,0.00999999978]
			},
			{
				"bufferView": 1
				,"byteOffset" : 0
				,"componentType" : 5126
				,"count" : 20656
				,"type" : "VEC3"
			},
			{
				"bufferView": 2
				,"byteOffset" : 0
				,"componentType" : 5126
				,"count" : 20656
				,"type" : "VEC2"
			}
	],
	"materials": [
			{
				"name": "color",
				"emissiveFactor": [
					0, 0, 0
				]
				,"pbrMetallicRoughness": {
					"baseColorFactor": [
						0.2198628, 1, 0.2198628, 1
					]
					,"metallicFactor": 0.08575618
					,"roughnessFactor": 0.01336535
				}
				,"alphaMode": "OPAQUE"
				,"doubleSided": true
			}
	],
	"bufferViews" : [
			{
				"buffer": 0
				,"byteOffset" : 0
				,"byteLength" : 247872
				,"byteStride" : 12
				,"target" : 34962
			},
			{
				"buffer": 0
				,"byteOffset" : 247872
				,"byteLength" : 247872
				,"byteStride" : 12
				,"target" : 34962
			},
			{
				"buffer": 0
				,"byteOffset" : 495744
				,"byteLength" : 165248
				,"byteStride" : 8
				,"target" : 34962
			},
			{
				"buffer": 0
				,"byteOffset" : 660992
				,"byteLength" : 165936
				,"target" : 34963
			}
	],
	"buffers" : [
			{
				"byteLength": 826928
				,"uri" : "kfupm_logo_0001.bin"
			}
	]
}
